
name(A Cold World)

snap(-55,-51,-46)
sky(104,103,115)
fog(115,141,154)
clouds(255,255,255,10,-843)
ground(192,192,192)
texture(0,0,0,20)
fadefrom(8000)
density(4)
mountains(95630)
nlaps(5)

lightson()





set(17,-3030,3770,180)
set(17,-12000,3770,90)
set(17,-3030,13230,-90)
set(17,-12000,13145,0)
set(15,-12000,8320,180)
set(15,-12000,8595,180)
set(33,-12000,11120,-90)
set(33,-12000,5880,-90)
set(15,-7580,3770,-90)
set(15,-3030,8320,0)
set(15,-3030,8680,0)
set(33,-3030,5880,-90)
set(33,-3030,11120,-90)
set(15,-7450,13145,90)
set(10,-5560,-21051,90)
set(23,-2760,-21051,90)po
set(23,-8360,-21051,-90)
set(30,-7300,-21051,90)
fix(41,-9526,-21051,-500,90)s


set(47,0,0,0)
set(10,0,5600,0)p
set(10,0,11200,0)p
set(14,0,15750,-90)pt
chk(40,0,14000,0)r
set(10,-4550,15750,-90)p
set(10,-10150,15750,-90)p
set(14,-14700,15750,0)pt
set(10,-14700,11200,0)
set(10,-14700,5600,0)
set(14,-14700,1050,90)
chk(40,-12950,1050,90)r
set(10,-10150,1050,90)p
set(10,-6910,1050,90)
set(26,-3510,1050,-90)pr
set(23,-4110,1050,90)
//
set(23,4110,1050,-90)
set(30,4394,1050,90)pl
set(10,6910,1050,-90)p
set(20,12510,1050,90)p
set(17,17060,1050,-90)pt
chk(42,17060,-700,0)r
set(17,17060,-2450,180)pt
set(15,12510,-2450,-90)p
set(15,6910,-2450,-90)
set(33,4110,-2450,-90)pr
set(24,4110,-2450,90)
//
set(24,-4110,-2450,-90)
set(33,-4110,-2450,-90)
set(15,-6910,-2450,-90)
set(15,-10150,-2450,90)p
set(17,-14700,-2450,0)
chk(42,-14700,-4200,0)r
set(17,-14700,-5950,90)pt
set(15,-10150,-5950,90)p
set(15,-6910,-5950,-90)
set(33,-4110,-5950,-90)pr
set(24,-4110,-5950,-90)
//
set(24,4110,-5950,90)
set(15,6910,-5950,90)
set(15,12510,-5950,90)p
set(17,17060,-5950,-90)
chk(42,15122,-5950,90)r
set(15,17060,-10500,0)p
set(20,17060,-16100,180)p
set(10,17060,-21700,0)p
set(14,17060,-26250,180)
chk(40,17060,-24500,0)r
set(14,13560,-26250,90)pt
set(22,13560,-23940,180)p
set(22,13560,-23488,180)p
set(22,13560,-22368,0)p
set(22,13560,-21248,180)p
set(18,13560,-17888,180)p
set(18,13560,-14980,180)
set(22,13560,-11870,0)p
set(14,13560,-9560,-90)pt
set(10,9010,-9560,90)p
chk(40,9010,-9560,90)r
set(10,6910,-9560,-90)p
set(26,3510,-9560,90)pr
set(23,4110,-9560,-90)

fix(41,-255,-9560,-1600,90)
set(23,-4110,-9560,90)
set(30,-4316,-9560,-90)po
set(10,-6910,-9560,90)
set(13,-12540,-11080,120)p
set(14,-17120,-12600,0)pt
chk(40,-17120,-14350,0)r
set(14,-17120,-16100,90)pt
set(10,-12570,-16100,90)p
set(10,-6970,-16100,90)p
set(10,-4550,-16100,90)p
set(14,0,-16100,180)
chk(40,-1930,-16100,90)r
set(10,0,-11550,0)p
set(10,0,-11200,0)p
set(10,0,-5600,0)p





maxl(10,-21079,-26359)
maxb(9,-28759,-18679)
maxr(10,22120,-26359)
maxt(9,19241,-18679)
