

name(Nuclear Power Plant)

snap(-57,-52,-57)
sky(153,177,110)
fog(178,202,53)
clouds(255,255,255,5,-1000)
ground(191,191,191)
texture(0,0,0,50)
fadefrom(6500)
density(15)
mountains(25773)
nlaps(3)
soundtrack(acidic.mod,165,111)
lightson()
set(47,0,0,0)p
set(10,0,5600,0)
set(60,0,5600,0)pr

set(60,0,6600,180)pl



set(10,0,11200,0)p
set(10,0,16800,0)
chk(40,0,18992,0)r
//
set(14,0,21350,-90)pt
set(10,-4550,21350,90)p
set(14,-9100,21350,0)pt
//
set(10,-9100,16800,0)p
set(10,-9100,11200,0)p
set(10,-9100,5600,0)
set(29,-9100,6946,180)pr
set(10,-9100,0,0)p
set(38,-9100,700,180)
set(38,-9100,-1300,180)
set(10,-9100,-5600,0)p
set(38,-9100,-5300,180)
set(38,-9100,-3300,180)
set(10,-9100,-11200,0)pl

set(14,-9100,-15750,90)
//
chk(40,-7054,-15750,90)r
set(10,-4550,-15750,90)p
set(28,0,-15750,-90)pr
set(10,1050,-15750,90)
set(10,6650,-15750,90)
set(10,12250,-15750,90)
set(10,17850,-15750,90)
set(10,23450,-15750,90)p
set(14,28000,-15750,180)
//
chk(40,26048,-15750,90)r
set(10,28000,-11200,180)p
set(20,28000,-5600,180)p
set(44,28000,0,180)
set(43,28000,5600,180)
set(34,28000,820,0)pr
set(43,28000,11200,180)p
set(44,28000,16800,0)p
set(17,28000,21350,-90)pt
//
set(15,23450,21350,-90)
chk(42,21194,21350,90)r
set(15,17850,21350,-90)p
set(17,13300,21350,0)pt
//
set(15,13300,16800,0)p
set(16,13300,11200,0)p
set(20,13300,5600,180)p
set(10,13300,0,180)
chk(40,13300,-1080,0)r

//left side
set(12,11780,-5630,150)
set(10,10260,-11260,180)
set(23,10260,-12379,0)
set(30,10260,-11769,180)
//right side
set(13,14820,-5630,210)
set(10,16340,-11260,180)
set(23,16340,-12379,0)
set(30,16340,-11769,180)

//left side
set(23,10260,-18782,180)
set(37,10260,-17820,0)
set(13,11780,-21612,210)
//right side
set(23,16340,-18782,180)
set(37,16340,-17820,0)
set(12,14820,-21612,150)


set(10,13300,-27242,180)
set(10,13300,-32842,180)
chk(40,13300,-34240,0)r

//left
set(12,11780,-38472,150)
set(37,10260,-42280,0)
set(23,10260,-41302,0)
//right
set(13,14820,-38472,210)
set(37,16340,-42280,0)
set(23,16340,-41302,0)

//l
set(23,10260,-47960,180)
set(26,10260,-47360,0)
set(13,11780,-50790,210)
//r
set(23,16340,-47960,180)
set(26,16340,-47360,0)
set(12,14820,-50790,150)



//hill
set(24,13300,-41500,0)
set(24,13300,-41500,180)
set(35,13300,-41500,180)pr
fix(41,13300,-44648,-1550,0)s
fix(41,13300,-44648,-1550,45)s
fix(41,13300,-44648,-1550,-45)s
fix(41,13300,-44648,-1550,90)s




set(10,13300,-56420,180)
set(10,13300,-62020,180)
set(56,13300,-58576,180)pr
set(10,13300,-67620,180)p
set(20,13300,-73220,0)p
set(15,13300,-78820,0)
chk(42,13300,-80755,0)r
set(17,13300,-83370,90)pt
//
set(15,17850,-83370,-90)p
set(15,23450,-83370,-90)p
set(17,28000,-83370,180)pt
//
set(15,28000,-78820,180)p
set(15,28000,-73220,180)p
set(15,28000,-71598,180)p
set(34,28000,-69230,180)pr
set(15,28000,-65998,0)
set(16,28000,-60398,0)p
set(20,28000,-54798,0)pl
set(10,28000,-49198,0)
chk(40,28000,-49440,0)r
set(14,28000,-44648,-90)pt
//
set(10,23450,-44648,-90)p
set(10,17850,-44648,-90)
set(26,16340,-44648,90)pr

set(10,12250,-44648,-90)
set(26,10260,-44648,-90)
set(10,6650,-44648,-90)pl
set(10,1050,-44648,-90)
set(10,-4550,-44648,-90)
chk(40,-6590,-44648,90)r
set(14,-9100,-44648,0)pt
//
set(10,-9100,-49198,0)p
set(10,-9100,-54798,0)p
set(10,-9100,-60398,0)p
set(10,-9100,-65998,0)
set(26,-9100,-65582,180)pr
set(10,-9100,-71598,180)p
set(10,-9100,-77198,180)pl
set(10,-9100,-78760,180)
chk(40,-9100,-80790,0)r
set(14,-9100,-83310,90)pt
//
set(10,-4550,-83310,-90)p
set(14,0,-83310,180)pt
//
set(10,0,-78760,0)
set(10,0,-73160,0)
set(26,0,-75960,0)pr
set(26,0,-74691,180)
set(38,0,-73140,0)
set(38,0,-71140,0)
set(38,0,-69140,0)
set(38,0,-67140,0)
set(38,0,-65140,0)
set(38,0,-63140,0)
set(38,0,-61140,0)
set(10,0,-67560,0)p
set(10,0,-61960,0)p
set(10,0,-56360,180)p
set(10,0,-50760,180)p
chk(40,0,-52665,0)r
set(23,0,-47960,180)

set(60,0,-46982,0)pr

set(23,0,-41182,0)
set(60,0,-42176,180)

set(10,0,-38382,180)p
set(10,0,-32782,180)p
set(10,0,-27182,180)p
set(10,0,-21582,180)
chk(40,0,-20995,0)r
set(26,0,-18182,0)pr
set(30,0,-11709,180)
set(23,0,-18782,180)
set(10,0,-11200,180)p
set(10,0,-5600,180)p

set(23,0,-12379,0)p





//




maxl(24,-16179,-86210)
maxb(10,-88610,-13779)
maxr(24,31821,-86210)
maxt(10,26590,-13779)
