name(A Ghostly Glitch)


snap(-49,-60,-54)
sky(166,164,217)
fog(242,242,242)
clouds(210,210,210,1,-1000)
ground(183,170,205)
texture(0,0,0,10)
fadefrom(8000)
density(8)
mountains(20461)
nlaps(6)
soundtrack(ghostlytwrmois.mod,201,48)
lightson()


//
set(23,-402,45814,-90)po
set(10,2398,45814,-90)
set(10,7998,45814,-90)
fix(41,14796,45814,-700,90)s
set(30,12796,45814,-90)
set(10,13598,45814,90)
set(23,16398,45814,90)
//f7start

set(23,2214,500,180)
set(23,2214,500,0)




set(47,0,0,0)p
set(10,0,5600,0)p
set(10,0,11200,0)
set(23,0,14000,180)
set(56,0,12850,180)pr
set(10,0,28000,180)
set(10,0,33600,0)p
set(14,0,38150,-90)
chk(40,-1750,38150,90)r
set(14,-3500,38150,0)pt
set(10,-3500,33600,0)p
set(10,-3500,28000,0)
set(29,-3500,28380,180)pr
set(12,-5020,22370,-30)p
set(10,-6540,16740,0)
set(10,-6540,11140,0)p
set(14,-6540,6590,180)
chk(40,-8290,6590,90)r
set(14,-10040,6590,90)pt
set(20,-10040,11140,180)p
set(44,-10040,16740,180)
set(43,-10040,22340,180)
set(34,-10040,19750,180)pr
set(43,-10040,27940,180)p
set(44,-10040,33540,0)p
set(15,-10040,39140,180)
set(33,-10040,39300,180)pr
set(15,-10040,44740,0)p
set(15,-10040,50340,0)p
set(17,-10040,54890,0)pt
set(15,-5490,54890,-90)
chk(42,-2690,54890,90)r
set(15,110,54890,-90)p
set(15,5710,54890,-90)p
set(15,10926,54397,-100)p
set(15,16056,52972,-110)p
set(15,20912,50688,-120)
chk(42,18687,52015,-120)r
set(15,25271,47591,-130)p
set(15,28500,43700,-150)p
set(15,30220,38960,-170)
chk(42,30084,39759,-170)r
set(15,30660,33620,-180)p
set(15,30660,28020,-180)
fix(41,30660,23765,-2000,0)
set(15,30660,22420,-180)
set(34,30660,27189,180)pr
set(15,30660,16820,-180)p
set(15,30660,11220,-180)p
set(20,30660,5620,-180)p
set(10,30660,20,0)
chk(40,30660,-1535,0)r
set(14,30660,-4530,180)pt
set(10,26110,-4530,-90)p
set(10,20510,-4530,-90)p
set(14,15960,-4530,90)
chk(40,17710,-4530,90)r
set(10,15960,20,180)p
set(12,17480,5650,150)
set(23,19000,8480,180)
set(60,19000,9546,0)

set(23,19820,14120,0)
set(12,21340,16950,-30)

set(60,19820,13395,180)
set(10,22860,22580,0)p
set(10,22860,28180,0)p
set(10,22860,33780,0)
chk(40,22860,35885,0)r
set(14,22860,38330,-90)pt
set(10,18310,38330,90)p
set(10,12710,38330,90)p
set(14,8160,38330,0)
chk(40,8160,36580,0)r
set(13,9680,33750,30)
chk(40,11200,30920,0)r
set(12,9680,28090,-30)
chk(40,8160,25260,0)r
set(13,9680,22430,30)
chk(40,11200,19600,0)r
set(12,9680,16770,-30)p
set(10,8160,11140,0)
chk(40,8160,13940,0)r
set(23,8160,10136,0)

set(60,8160,9333,180)pr
set(12,5020,30,150)
set(10,3500,-5600,180)p
set(14,3500,-10150,180)
chk(40,1750,-10150,90)r
set(14,0,-10150,90)pt
set(10,0,-5600,180)p
set(23,0,25200,0)
set(23,6540,2860,180)

set(60,6540,3787,0)pr

maxl(15,-13766,-10679)
maxb(10,-13079,-11366)
maxr(15,34233,-10679)
maxt(10,58920,-11366)
